[gd_scene load_steps=17 format=3 uid="uid://0altidtf6lam"]

[ext_resource type="Script" uid="uid://cwvieqmoru3c8" path="res://Scripts/main.gd" id="1_aan6j"]
[ext_resource type="Texture2D" uid="uid://c8arnlq67qi7" path="res://Assets/textures/grids/Dark/texture_05.png" id="1_h175a"]
[ext_resource type="Texture2D" uid="uid://cm5m7nr7dugjd" path="res://Assets/textures/grids/Purple/texture_09.png" id="2_togfq"]
[ext_resource type="Texture2D" uid="uid://b58xv1joypxo5" path="res://Assets/textures/grids/Orange/texture_09.png" id="3_aan6j"]
[ext_resource type="Texture2D" uid="uid://hu5rfl6qr2nv" path="res://Assets/textures/grids/Red/texture_09.png" id="4_h3nmf"]
[ext_resource type="PackedScene" uid="uid://caai36celr56m" path="res://Scene/Player.tscn" id="5_togfq"]

[sub_resource type="ProceduralSkyMaterial" id="ProceduralSkyMaterial_hueuk"]
sky_horizon_color = Color(0.66224277, 0.6717428, 0.6867428, 1)
ground_horizon_color = Color(0.66224277, 0.6717428, 0.6867428, 1)

[sub_resource type="Sky" id="Sky_6a8me"]
sky_material = SubResource("ProceduralSkyMaterial_hueuk")

[sub_resource type="Environment" id="Environment_yg4ot"]
background_mode = 2
sky = SubResource("Sky_6a8me")
tonemap_mode = 2
sdfgi_enabled = true
glow_enabled = true
fog_enabled = true
fog_light_color = Color(0.5176471, 0.5529412, 0.60784316, 1)
fog_density = 0.008

[sub_resource type="StandardMaterial3D" id="StandardMaterial3D_vm4ek"]
albedo_texture = ExtResource("1_h175a")
uv1_triplanar = true

[sub_resource type="StandardMaterial3D" id="StandardMaterial3D_4qtod"]
albedo_texture = ExtResource("2_togfq")

[sub_resource type="StandardMaterial3D" id="StandardMaterial3D_i0sg4"]
albedo_texture = ExtResource("3_aan6j")

[sub_resource type="StandardMaterial3D" id="StandardMaterial3D_mr7am"]
albedo_texture = ExtResource("4_h3nmf")

[sub_resource type="StandardMaterial3D" id="StandardMaterial3D_sc4dx"]
albedo_texture = ExtResource("4_h3nmf")

[sub_resource type="StandardMaterial3D" id="StandardMaterial3D_gclda"]
albedo_texture = ExtResource("4_h3nmf")

[sub_resource type="StandardMaterial3D" id="StandardMaterial3D_kp1vv"]
albedo_texture = ExtResource("4_h3nmf")

[node name="Main 3D" type="Node3D"]
script = ExtResource("1_aan6j")

[node name="WorldEnvironment" type="WorldEnvironment" parent="."]
environment = SubResource("Environment_yg4ot")

[node name="DirectionalLight3D" type="DirectionalLight3D" parent="."]
transform = Transform3D(-0.6776593, -0.6368544, 0.367688, 2.7805946e-08, 0.49999994, 0.86602545, -0.73537606, 0.5868701, -0.3388296, 0, 0, 0)
shadow_enabled = true

[node name="Map" type="Node3D" parent="."]

[node name="Floor" type="CSGBox3D" parent="Map"]
transform = Transform3D(1, 0, 0, 0, 1, 0, 0, 0, 1, 0, -0.47132263, 0)
material_override = SubResource("StandardMaterial3D_vm4ek")
use_collision = true
size = Vector3(100, 1, 100)

[node name="Box" type="CSGBox3D" parent="Map"]
transform = Transform3D(0.6270934, 0, 0.77894413, 0, 1, 0, -0.77894413, 0, 0.6270934, 0, 0.5, 5.286126)
material_override = SubResource("StandardMaterial3D_4qtod")
use_collision = true

[node name="Box 1" type="CSGBox3D" parent="Map"]
transform = Transform3D(0.6270934, 0, 0.77894413, 0, 1, 0, -0.77894413, 0, 0.6270934, 1.1261793, 1, -3.9543772)
material_override = SubResource("StandardMaterial3D_i0sg4")
use_collision = true
size = Vector3(2, 2, 2)

[node name="Box 2" type="CSGBox3D" parent="Map"]
transform = Transform3D(0.6270934, 0, 0.77894413, 0, 1, 0, -0.77894413, 0, 0.6270934, 8.313976, 0.551193, 5.0563755)
material_override = SubResource("StandardMaterial3D_mr7am")
use_collision = true

[node name="Box 3" type="CSGBox3D" parent="Map"]
transform = Transform3D(0.6270934, 0, 0.77894413, 0, 1, 0, -0.77894413, 0, 0.6270934, 7.532571, 0.551193, 4.433458)
material_override = SubResource("StandardMaterial3D_sc4dx")
use_collision = true

[node name="Box 4" type="CSGBox3D" parent="Map"]
transform = Transform3D(0.6270934, 0, 0.77894413, 0, 1, 0, -0.77894413, 0, 0.6270934, 7.6809087, 0.5511929, 5.8390975)
material_override = SubResource("StandardMaterial3D_gclda")
use_collision = true

[node name="Box 5" type="CSGBox3D" parent="Map"]
transform = Transform3D(0.6270934, 0, 0.77894413, 0, 1, 0, -0.77894413, 0, 0.6270934, 8.30941, 1.5403014, 5.0567665)
material_override = SubResource("StandardMaterial3D_kp1vv")
use_collision = true

[node name="Player" parent="." instance=ExtResource("5_togfq")]

[node name="Label" type="Label" parent="."]
offset_left = 2.0
offset_top = 38.0
offset_right = 268.0
offset_bottom = 191.0
theme_override_font_sizes/font_size = 16
text = "W/A/S/D for Movement
Shift for Run
C for Kick 
Space for jump"

[node name="Label2" type="Label" parent="."]
anchors_preset = 5
anchor_left = 0.5
anchor_right = 0.5
offset_left = -218.5
offset_right = 218.5
offset_bottom = 56.0
grow_horizontal = 2
theme_override_font_sizes/font_size = 24
text = "Third Person Controller"
horizontal_alignment = 1

[node name="Label3" type="Label" parent="."]
offset_right = 291.0
offset_bottom = 35.0
theme_override_font_sizes/font_size = 16
text = "Click E to view all commands"
